3236554
9473764
4568983
9527995
6379575
2326976
5732429
9229888
7786655
4483888
6927684
7833877
4857742
2455976
9394962
6354996
2274794
5829843
7928883
7357497
7842956
2767986
6378844
5976369
6959298
6252597
3878225
9995449
3472747
4264398
9888778
2977693
8566477
2449769
2449389
9795775
7754629
5932785
9795794
5486527
9727796
9327998
4752423
3295755
6257468
8824282
3675697
5744596
3355487
3882826
7585966
4426337
4387932
8545833
5226875
8733648
4784829
7977449
4524669
3799449
2853467
6575744
2937456
6884946
9922296
4837897
6373533
2992247
3723279
2436793
7544737
5495496
5523988
2743847
3837389
5826294
7643757
8973439
9498929
5634999
4679467
2957323
5385694
6963699
6424757
7844983
8996342
7829794
6855979
3762597
5769697
4659925
9776674
8338334
8227945
3779443
2948293
8559772
8754545
7864439
4349579
8597387
9442537
6899872
9233565
3539762
6829687
3828548
2598547
3547735
9868439
4497997
2372497
9948943
9324252
2929796
7355597
3327389
7797795
7527734
8993724
9578494
9857997
5896769
9942844
7248739
7777523
5496642
3384599
6999575
3322924
2292273
9458726
5553529
6552633
2557665
5799874
2467598
7974874
5659582
5497626
6562995
5583768
4999929
9778777
5729552
6455953
7792392
6343846
4595623
4726962
2984693
3777685
9379484
6539872
3675978
7486496
7234357
8369592
6783429
2227972
3683499
3279924
9428764
5857453
7657856
3932297
6542767
5398927
9375699
5226477
8972847
9686774
7773583
6386247
6428366
7447485
2755874
8232337
5967853
7324837
5434898
4772628
7398488
6772785
5747995
7576799
8853594
8383268
9559787
2578685
7269555
2334672
2862573
3952557
7979583
7923596
6368895
5556839
9748386
9529276
5657975
9577379
6572734
5947683
3894679
3579345
3538477
4797349
6929589
8772925
7327377
4954788
7693752
9648268
3427832
4253896
9497324
9869865
8963999
3823763
4845238
6994263
9437347
6599832
7379276
8658855
9349293
7752582
3499823
5835982
7935588
8747357
2262588
7657946
7847454
4638276
9299988
8839842
4237397
8894565
7355477
8767379
9745896
6367838
7499974
7557579
3743928
7383377
7835459
2497933
3355924
8754356
8745779
8854535
7466573
9444374
7976432
3794947
7964774
4275797
7844586
6465576
5449666
7447277
9326788
7846659
2932972
4443396
6472266
5879478
9542465
7354976
5594935
8642237
7592482
5977677
8783679
6492922
2922494
9263775
8987678
9845475
7492294
5632377
8975255
5988795
7579682
9484479
8678726
8594932
7644397
2856379
8972795
5679499
5527846
3742888
7934747
7726572
6485252
8784535
8679477
7986757
4597693
4978277
4446539
2922739
6593262
5872326
4798899
6394793
7958955
4627584
5867944
9929294
3939756
6822845
6684398
3388753
8249839
9249429
7957497
2955225
6676669
3742827
8885938
6359758
8769868
6472854
9399574
7325362
9525623
5287766
5255427
9824326
3695645
4339539
8677986
8263898
9238287
6972986
7257799
8942827
3859559
4295484
8642923
7873599
7749942
7723366
3687648
2395999
8227556
8495346
7978425
9873482
6264573
6773233
9246758
2887267
3478966
2838865
5575693
9878543
3997827
5969732
9947575
4297683
2989937
8597625
2964853
9558479
3796999
2849277
3359777
9534562
8665953
8739776
5859979
3868659
8457873
6669724
2942679
4793548
6995398
4575446
7376299
9699598
2635984
8663934
9564257
3839973
7944385
7253763
9848964
7226359
2999785
7496549
6944326
9229852
8775464
4427245
9479356
9868349
7369232
7942899
7848379
8766398
5529447
9667525
2667827
7225338
6699469
6947265
6273692
2477967
8958877
5289479
6745746
7672246
4348463
2363998
4984324
9743452
9829365
7524948
5777966
8566269
7475636
7298495
7327825
4592367
7424578
8229258
5497239
7622226
8744738
7772877
8748387
6664724
6698452
8554832
3462994
2755665
9225977
4696597
6693285
6278447
2422334
6937758
5924445
3554764
9896294
5562385
8634282
5422786
3679689
3734256
6454938
7394767
4885864
7882625
2997498
9233763
6382258
8748879
6232499
8826679
5642338
7248227
7999535
9596929
2683965
8695385
9273545
4296499
3644235
3935794
7788977
4655337
9494986
9825228
2837443
5798836
9295994
7378988
2777568
2885794
3693727
4459974
2324799
7669875
7254792
8634522
2846762
3239876
8834737
4656284
6399465
2673238
7563666
3694693
3268383
2253975
7447736
4284249
2596733
6764749
3349779
9348839
7436226
9476787
4275755
2626626
7638992
7577878
4474995
2226623
9837467
3354337
4862335
6828666
9652259
5768654
6652338
9282584
3326638
3852278
6575722
9572463
9388474
7886598
4593892
9558525
6853957
6729229
4869652
6339828
3674933
6237842
7566232
9583774
8996298
4287697
6927389
9794495
8294458
3429795
7683398
6598445
3734999
5338578
6223794
4967682
9499923
6689286
7386366
9564845
7943474
9977655
7899734
6738897
3458655
8446732
3964379
4352953
3975524
6586889
4263979
9487996
3725326
5957777
3234999
9847633
8959828
7969574
3878582
9369438
3945669
4924622
7634767
5443958
7777786
9386477
8262676
7462954
8495667
2468757
4364389
3583526
4277633
9845853
2222978
9493777
6259852
5573859
9652538
9389335
6623894
7655775
5973653
4778742
4482349
2336587
4685927
3764686
6978442
7422962
9549477
6385626
9884396
9863297
7938983
2768364
8573428
5369956
7642246
7399867
6269947
2632992
9864829
6867273
7782968
6622942
6783392
3672972
7432354
3993739
9922548
9789499
9486773
6267278
2647489
7996254
4466562
9933494
4957863
5349823
2494626
9928875
4477559
7966368
9932595
3458474
9745589
4497725
2489443
8352337
8679329
5784847
5926227
5742277
8483999
6229778
3336645
6749329
5927284
4472279
5284736
3847445
4776479
7274588
7258738
3466777
7547727
7338995
2655729
4458979
3779943
2477486
3239566
9824974
4479335
9889345
3952235
3276577
9687927
9969576
3928867
3935296
5962422
3864639
2243247
3459756
2977753
3832498
4949397
3976565
4777898
4973463
7759249
9976556
6753958
3845799
5777938
2868282
4664593
9744633
3889747
7765777
9577999
8664639
6324756
8273844
2667678
6885596
7739827
3232673
9597627
6735549
8844637
4636473
8554786
4329789
8758455
6287386
6344967
6584982
3528962
6348544
4752923
7937643
2398277
4783278
2684894
9245653
5578246
9556489
5948457
7229926
8577457
8835237
5783424
2989447
6749856
4254965
2257225
6545478
7793736
7638776
2426626
7959593
4767948
2775983
7468429
2328498
3772789
5989669
4256329
7937389
4793954
4866969
3983753
3375476
3472267
5496338
9392797
6588455
2799867
8753933
6597665
2899442
7992343
8857396
8545966
5397723
6839339
3596246
6228457
6372736
4647865
5373939
5573372
5344767
2926659
7587747
7392454
8572477
8286976
5778342
4595552
7824489
6666823
3846773
2495637
7275594
7258334
9784634
3754247
7269597
4579367
3549738
6566765
5778659
3834476
7789877
3952537
5535292
8995634
2762264
7424329
9926477
5955886
8394645
7343589
5626849
2255799
7477938
6649257
8576386
9933997
9676573
7279572
9645352
7485752
8925879
7995476
2659586
4962298
6864937
2748338
5492847
6973948
9326248
4943586
5286445
7898754
6442599
4653972
6437526
3296334
9523244
9822649
6754254
5875555
7434225
4667279
2463444
9685394
3587394
2622599
9999623
4848922
3723573
4537758
7589774
7764897
5396843
3434289
4765556
6937564
2823896
2694546
4694967
4474957
9337462
4875432
9263379
6785967
8255964
8945598
7894698
5486586
4773688
4986423
9875259
8827223
5736352
7582624
9465663
6473959
9239277
3638444
3885649
9946626
5753265
5935587
7464939
7995994
8687692
4996896
7747795
5649822
8533634
9594766
7924543
5462878
6723265
5457527
4985364
5232388
6447349
7737563
7776529
4596425
6897652
3859367
7643685
2897436
6699975
5827278
7464852
5567853
9829243
5934476
2224452
7434349
4746322
9627276
5784263
2238982
8287698
3254934
3692332
4829394
7686456
2442393
2647256
9535829
5666836
6669454
9543992
2923985
7477224
6956796
6747768
2998579
5226992
3839537
4329832
7487656
5376697
4278493
2396368
4547387
